 3694.0000          2.3526       3709.0002       2026.3025          1.8356
 3695.0000          2.2607       3007.4075       1494.1637          2.0224
 3696.0000          2.3933       3799.8113       2017.5890          1.8890
 3697.0000          2.4213       3811.7629       1967.7596          1.9391
 3698.0000          2.3194       3874.5837       2190.6509          1.7692
 3699.0000          2.3917       3555.1250       1739.7504          2.0438
 3700.0000          2.4957       4010.9050       1943.8563          2.0647
 3701.0000          2.4125       3681.9404       1841.6023          2.0002
 3702.0000          2.3498       3387.2180       1666.4897          2.0338
 3703.0000          2.3809       3579.6384       1805.9980          1.9915
 3704.0000          2.3745       3948.9902       2189.6887          1.8039
 3705.0000          2.3571       3718.2087       2086.9622          1.7818
 3706.0000          2.4573       3705.0964       1872.5638          1.9778
 3707.0000          2.3755       3884.6299       2197.6655          1.7679
 3708.0000          2.3208       3862.5039       2182.2417          1.7699
 3709.0000          2.3438       3931.0474       2222.2561          1.7690
 3710.0000          2.4147       3999.8169       2164.6638          1.8520
 3711.0000          2.4941       4017.4980       2005.9196          2.0030
 3712.0000          2.5353       4128.2900       2018.4021          2.0456
 3713.0000          2.5243       3953.1785       1950.2372          2.0274
 3714.0000          2.5401       4085.3694       1986.5015          2.0606
 3715.0000          2.4893       3943.9216       1953.4219          2.0193
 3716.0000          2.4993       4033.3530       2024.7865          1.9921
 3717.0000          2.4686       3821.7961       1880.5800          2.0324
 3718.0000          2.5320       4221.3438       2093.8140          2.0161
 3719.0000          2.4384       3990.6543       2159.5425          1.8490
 3720.0000          2.3987       3981.2256       2219.8120          1.7935
 3721.0000          2.3591       3920.1411       2220.5466          1.7654
 3722.0000          2.3340       3693.8867       2075.4814          1.7799
 3723.0000          2.3289       3697.0781       2080.2329          1.7774
 3724.0000          2.4306       3736.6482       1844.1261          2.0267
 3725.0000          2.5348       4309.5195       2135.9507          2.0174
 3726.0000          2.4378       3989.0393       2154.1516          1.8520
 3727.0000          2.3676       3860.0483       2173.2935          1.7761
 3728.0000          2.3259       3874.7471       2183.3206          1.7747
 3729.0000          2.3564       3931.8770       2203.4260          1.7845
 3730.0000          2.3911       3880.0068       2095.1035          1.8543
 3731.0000          2.5008       4119.8784       2054.4575          2.0054
 3732.0000          2.5135       4285.8579       2159.0574          1.9851
 3733.0000          2.5169       4254.2725       2143.7104          1.9845
 3734.0000          2.5017       4193.7939       2112.4114          1.9855
 3735.0000          2.4985       4138.8657       2073.9868          1.9958
 3736.0000          2.5809       4532.5103       2251.7402          2.0128
 3737.0000          2.5411       4516.1875       2281.9565          1.9793
 3738.0000          2.4477       3886.0947       1965.3645          1.9783
 3739.0000          2.5067       4315.3467       2257.3633          1.9118
 3740.0000          2.4673       4067.3369       2194.8435          1.8537
 3741.0000          2.4597       3827.3416       2017.0614          1.9005
 3742.0000          2.4882       4000.3035       2013.4049          1.9872
 3743.0000          2.4520       3962.7009       2018.8374          1.9630
 3744.0000          2.4814       3964.5181       1999.0238          1.9838
 3745.0000          2.4536       3909.1653       2002.6382          1.9528
 3746.0000          2.4744       3934.0110       1983.5634          1.9834
 3747.0000          2.4644       3804.9783       1928.9774          1.9724
 3748.0000          2.4847       3997.3770       2019.1877          1.9802
 3749.0000          2.5080       3912.2864       2021.2354          1.9403
 3750.0000          2.4924       3952.5728       1979.1193          1.9975
 3751.0000          2.4780       4014.4741       2030.9541          1.9768
 3752.0000          2.4872       4020.5647       2032.5548          1.9790
 3753.0000          2.4605       3929.6240       1992.7961          1.9720
 3754.0000          2.5020       4129.6528       2086.0527          1.9795
 3755.0000          2.5059       4075.1501       2070.3538          1.9686
 3756.0000          2.5322       4261.4165       2164.1738          1.9699
 3757.0000          2.5016       4119.5088       2084.1782          1.9767
 3758.0000          2.5002       4135.9063       2092.2800          1.9769
 3759.0000          2.4666       4034.6021       2056.3215          1.9621
 3760.0000          2.4918       4073.4702       2057.7046          1.9796
 3761.0000          2.5001       4154.2656       2113.4663          1.9656
 3762.0000          2.5001       4213.1475       2159.7856          1.9511
 3763.0000          2.4568       3875.0596       1945.6975          1.9918
 3764.0000          2.4595       3735.4614       1844.5692          2.0251
 3765.0000          2.4469       3736.9287       1847.7271          2.0225
 3766.0000          2.4594       3742.9929       1847.9097          2.0256
 3767.0000          2.4644       3754.2781       1843.5736          2.0365
 3768.0000          2.4617       3740.6265       1842.0251          2.0308
 3769.0000          2.4894       3743.9756       1842.3458          2.0323
 3770.0000          2.4637       3809.5613       1902.5497          2.0025
 3771.0000          2.4494       3720.5120       1836.5583          2.0263
 3772.0000          2.4350       3540.5200       1746.4875          2.0283
 3773.0000          2.4930       3477.7666       1655.8264          2.1000
 3774.0000          2.4604       3884.5239       1914.3376          2.0312
 3775.0000          2.4922       4025.7922       2172.3748          1.8526
 3776.0000          2.4115       3820.3792       1977.9521          1.9322
 3777.0000          2.4459       3993.9973       2040.5605          1.9594
 3778.0000          2.4083       3968.7527       2134.2805          1.8599
 3779.0000          2.3572       3918.1934       2182.2200          1.7955
 3780.0000          2.3689       3986.7153       2235.1680          1.7839
 3781.0000          2.3705       4005.9246       2246.8823          1.7826
 3782.0000          2.3664       4038.7764       2251.0596          1.7943
 3783.0000          2.3817       4117.0073       2289.2817          1.7983
 3784.0000          2.4282       4318.5122       2392.7905          1.8030
 3785.0000          2.4316       4280.4619       2375.8096          1.8018
 3786.0000          2.4425       3914.1475       2047.1262          1.9151
 3787.0000          2.4591       4033.2249       2046.2255          1.9711
 3788.0000          2.4686       4085.8289       2074.2839          1.9698
 3789.0000          2.4668       3968.9036       2000.6942          1.9838
 3790.0000          2.4437       3882.3721       1967.3040          1.9736
 3791.0000          2.4283       3770.1001       1910.7828          1.9732
 3792.0000          2.4193       3745.9709       1888.7489          1.9833
 3793.0000          2.3971       3817.1626       1966.7512          1.9408
 3794.0000          2.4809       3980.5466       2047.6078          1.9432
 3795.0000          2.3951       3878.5544       2130.9392          1.8248
 3796.0000          2.3944       3839.5640       1944.7220          1.9756
 3797.0000          2.4462       3898.4775       2025.1605          1.9265
 3798.0000          2.4445       3925.3833       2034.5715          1.9294
 3799.0000          2.3660       4003.1338       2191.3218          1.8340
 3800.0000          2.4261       4158.8232       2327.3945          1.7875
 3801.0000          2.4552       4069.9307       2186.6531          1.8651
 3802.0000          2.4462       3962.3787       2009.0212          1.9731
 3803.0000          2.5182       4258.4849       2137.3374          1.9933
 3804.0000          2.5045       4184.6235       2125.9077          1.9688
 3805.0000          2.4753       4124.1558       2125.6130          1.9403
 3806.0000          2.4847       4109.1050       2107.9683          1.9496
 3807.0000          2.5048       4185.7388       2134.4075          1.9613
 3808.0000          2.4128       4011.5945       2152.3635          1.8643
 3809.0000          2.3300       3871.2598       2158.3962          1.7937
 3810.0000          2.3658       4110.2710       2336.4324          1.7594
 3811.0000          2.3850       3919.9954       2097.1809          1.8746
 3812.0000          2.4007       3822.4187       1934.4991          1.9761
 3813.0000          2.4448       4001.4673       2051.7783          1.9511
 3814.0000          2.4445       3981.1917       2044.6091          1.9478
 3815.0000          2.4552       4034.7297       2051.8035          1.9666
 3816.0000          2.3971       3833.0786       1944.8026          1.9720
 3817.0000          2.4485       3951.5613       2007.8514          1.9686
 3818.0000          2.3491       3716.3931       1871.9681          1.9854
 3819.0000          2.4023       3805.5015       1935.2933          1.9664
 3820.0000          2.4669       4136.1060       2115.9670          1.9552
 3821.0000          2.4893       3853.4639       1991.6515          1.9347
 3822.0000          2.4528       4038.1372       2065.0813          1.9558
 3823.0000          2.4708       3712.3044       1924.8018          1.9288
 3824.0000          2.4588       3978.2075       2028.5752          1.9624
 3825.0000          2.4399       3777.4607       1898.1820          1.9913
 3826.0000          2.4250       3932.0210       2018.0579          1.9490
 3827.0000          2.4589       4146.3726       2142.7341          1.9358
 3828.0000          2.4010       3796.6001       1935.4795          1.9617
 3829.0000          2.4071       3765.3870       1908.5358          1.9733
 3830.0000          2.4787       3857.3560       1974.0867          1.9541
 3831.0000          2.3722       3714.0923       1871.0131          1.9852
 3832.0000          2.3960       3770.6631       1920.1946          1.9644
 3833.0000          2.3796       3739.9587       1885.8608          1.9834
 3834.0000          2.4285       3823.7979       1927.9823          1.9834
 3835.0000          2.3936       3785.6060       1922.1681          1.9696
 3836.0000          2.3720       3782.3564       1914.0741          1.9771
 3837.0000          2.3875       3802.9380       1951.4432          1.9491
 3838.0000          2.3884       3748.2244       1889.8812          1.9834
 3839.0000          2.3965       3835.3359       1957.2000          1.9600
 3840.0000          2.3900       3819.9648       1974.2610          1.9348
 3841.0000          2.3850       3740.8569       1879.4867          1.9909
 3842.0000          2.3906       3804.9609       1932.5232          1.9692
 3843.0000          2.4096       3842.5745       1966.4954          1.9547
 3844.0000          2.4073       4050.5437       2178.0493          1.8619
 3845.0000          2.4014       4287.8149       2425.5535          1.7660
 3846.0000          2.3309       3997.5884       2308.3369          1.7318
 3847.0000          2.3963       4472.6382       2534.7854          1.7618
 3848.0000          2.3480       4138.2002       2326.0679          1.7789
 3849.0000          2.3980       4362.6265       2435.5540          1.7891
 3850.0000          2.3923       4102.5229       2270.9990          1.8084
 3851.0000          2.3970       4214.5586       2320.8223          1.8163
 3852.0000          2.3439       4079.3308       2292.2190          1.7800
 3853.0000          2.3826       4109.8389       2281.4932          1.8020
 3854.0000          2.3751       4124.5986       2319.1621          1.7785
 3855.0000          2.3648       4135.3052       2349.7383          1.7600
 3856.0000          2.3703       4142.0381       2334.5552          1.7746
 3857.0000          2.3929       4199.9980       2307.8938          1.8197
 3858.0000          2.3388       4102.6699       2318.4922          1.7695
 3859.0000          2.4126       4499.2739       2495.7158          1.8008
 3860.0000          2.4310       4539.8916       2539.4258          1.7877
 3861.0000          2.3864       4495.1191       2523.1655          1.7817
 3862.0000          2.3451       4104.8901       2307.8643          1.7788
 3863.0000          2.3975       4574.4170       2592.0061          1.7670
 3864.0000          2.4655       4046.1018       2080.6243          1.9448
 3865.0000          2.4521       4105.0244       2160.9182          1.9004
 3866.0000          2.3518       3987.7390       2215.1157          1.8000
 3867.0000          2.4341       4156.5449       2203.1233          1.8872
 3868.0000          2.3871       3855.1287       1982.4574          1.9452
 3869.0000          2.4510       4534.9219       2517.5239          1.8019
 3870.0000          2.4289       4254.2744       2351.7690          1.8102
 3871.0000          2.4981       4832.5103       2643.6648          1.8265
 3872.0000          2.3852       4130.2729       2302.7180          1.7937
 3873.0000          2.3722       4100.6533       2288.9919          1.7916
 3874.0000          2.4531       4446.4321       2459.7080          1.8079
 3875.0000          2.4202       4412.3672       2459.9778          1.7934
 3876.0000          2.3889       4296.5996       2402.7329          1.7882
 3877.0000          2.4147       4262.1919       2380.5042          1.7906
 3878.0000          2.3904       4194.6040       2330.2505          1.8001
 3879.0000          2.4097       4063.2566       2156.4268          1.8849
 3880.0000          2.4416       4218.9956       2301.5566          1.8329
 3881.0000          2.4367       4419.3184       2455.5222          1.7975
 3882.0000          2.3856       4113.3311       2311.0127          1.7798
 3883.0000          2.4228       4398.1982       2450.4250          1.7929
 3884.0000          2.4261       4537.9189       2505.1885          1.8109
 3885.0000          2.3889       4106.4126       2228.9355          1.8443
 3886.0000          2.4595       4352.2832       2327.3381          1.8713
 3887.0000          2.4756       4628.1777       2578.8625          1.7940
 3888.0000          2.4456       4517.7881       2553.5493          1.7696
 3889.0000          2.4166       4313.4990       2451.1643          1.7598
 3890.0000          2.4007       4259.9229       2412.6509          1.7657
 3891.0000          2.3713       4108.9165       2287.3550          1.7965
 3892.0000          2.4133       4164.0586       2321.1848          1.7938
 3893.0000          2.4349       4302.9614       2416.7588          1.7805
 3894.0000          2.4335       4178.8193       2332.9348          1.7913
 3895.0000          2.4234       4195.0322       2343.2764          1.7903
 3896.0000          2.3543       3956.0793       2189.2100          1.8076
 3897.0000          2.4608       3987.4316       2073.4187          1.9230
 3898.0000          2.4526       3972.0012       2047.3263          1.9401
 3899.0000          2.4650       3934.3611       2025.3333          1.9426
 3900.0000          2.4617       3829.6201       1988.0978          1.9265
 3901.0000          2.4480       3873.6990       2018.7817          1.9190
 3902.0000          2.4703       3985.5889       2073.9434          1.9220
 3903.0000          2.4572       3968.7000       2046.5624          1.9393
 3904.0000          2.4816       4066.8394       2115.7351          1.9221
 3905.0000          2.4334       3926.6890       2072.1604          1.8950
 3906.0000          2.4448       3904.7463       2059.8640          1.8956
 3907.0000          2.4632       3925.6621       2049.6016          1.9154
 3908.0000          2.4695       4007.8662       2089.7566          1.9181
 3909.0000          2.4744       3962.5149       2034.5880          1.9480
 3910.0000          2.4708       4080.5610       2108.0657          1.9357
 3911.0000          2.4345       4027.8496       2101.2268          1.9170
 3912.0000          2.4699       4007.2844       2101.0884          1.9072
 3913.0000          2.4475       3943.0798       2064.7656          1.9100
 3914.0000          2.4465       4026.4038       2071.4683          1.9441
 3915.0000          2.4711       4113.1392       2106.7065          1.9526
 3916.0000          2.4811       4073.7537       2107.2190          1.9333
 3917.0000          2.4788       4107.4692       2135.2412          1.9237
 3918.0000          2.4590       4024.0938       2081.8450          1.9334
 3919.0000          2.4284       4000.6204       2055.2952          1.9467
 3920.0000          2.4182       3911.8994       2003.1306          1.9529
 3921.0000          2.4052       3907.8589       2010.6654          1.9436
 3922.0000          2.4243       3950.6436       2037.5679          1.9390
 3923.0000          2.4303       3995.5439       2063.2295          1.9365
 3924.0000          2.3989       3822.0198       1958.8876          1.9512
 3925.0000          2.3958       3763.9294       1922.4609          1.9579
 3926.0000          2.3953       3746.0088       1911.8275          1.9596
 3927.0000          2.5841       4919.3057       2774.3792          1.7744
 3928.0000          2.3960       4055.9026       2299.6870          1.7643
 3929.0000          2.5232       4229.8901       2406.8271          1.7554
 3930.0000          2.6515       5199.6001       2885.2036          1.8022
 3931.0000          2.5407       4401.9092       2469.2793          1.7848
 3932.0000          2.4734       4267.3955       2359.8750          1.8112
 3933.0000          2.4743       3970.3682       2135.2029          1.8642
 3934.0000          2.4869       4376.4692       2294.9961          1.9076
 3935.0000          2.4777       4356.5215       2301.5061          1.8934
 3936.0000          2.4312       4152.0874       2208.4290          1.8802
 3937.0000          2.4263       4211.3325       2256.7190          1.8686
 3938.0000          2.4552       4399.0581       2404.3145          1.8342
 3939.0000          2.4370       4137.3569       2304.4500          1.8002
 3940.0000          2.4087       4098.0483       2161.1187          1.8968
 3941.0000          2.4166       4149.7417       2183.8901          1.9029
 3942.0000          2.3466       3830.1470       2067.8767          1.8538
 3943.0000          2.4118       4196.7900       2233.8347          1.8793
 3944.0000          2.3068       3645.9675       1913.1888          1.9058
 3945.0000          2.4160       4179.4214       2246.9102          1.8611
 3946.0000          2.3898       3676.0808       1938.1759          1.8966
 3947.0000          2.4125       3881.6848       2093.6492          1.8523
 3948.0000          2.3862       3788.8477       2093.7161          1.8108
 3949.0000          2.3811       3887.2996       2052.7004          1.8945
 3950.0000          2.3970       4115.7236       2184.2083          1.8856
 3951.0000          2.4123       4225.3052       2279.6924          1.8548
 3952.0000          2.4076       4171.7266       2245.3242          1.8584
 3953.0000          2.3975       4064.3691       2153.1177          1.8886
 3954.0000          2.4106       4183.3936       2232.1450          1.8742
 3955.0000          2.3961       3949.6245       2142.4531          1.8422
 3956.0000          2.3651       3778.2505       2069.0369          1.8288
 3957.0000          2.4009       3749.7056       2040.4382          1.8401
 3958.0000          2.3632       3647.9739       2006.0590          1.8194
 3959.0000          2.3650       3870.2805       2055.1155          1.8846
 3960.0000          2.3627       3821.0237       2078.1372          1.8435
 3961.0000          2.3388       3849.4265       2054.4390          1.8765
 3962.0000          2.4231       4162.1538       2316.9265          1.7989
 3963.0000          2.4097       3894.3789       2153.1187          1.8165
 3964.0000          2.4144       3986.1843       2176.7222          1.8328
 3965.0000          2.4246       4132.0840       2229.8430          1.8564
 3966.0000          2.4111       3901.2021       2195.6025          1.7770
 3967.0000          2.3862       3953.4624       2250.9097          1.7569
 3968.0000          2.3980       3903.9478       2215.0466          1.7622
 3969.0000          2.3868       4077.8364       2240.5242          1.8220
 3970.0000          2.3963       3898.9446       2178.3806          1.7903
 3971.0000          2.3985       4111.3804       2326.9626          1.7675
 3972.0000          2.3800       4063.7646       2271.4673          1.7894
 3973.0000          2.4021       3993.8491       2198.1765          1.8167
 3974.0000          2.3702       3782.8843       2112.5999          1.7916
 3975.0000          2.4048       4038.2778       2262.2976          1.7895
 3976.0000          2.4168       4041.7859       2202.6565          1.8390
 3977.0000          2.3978       3996.0532       2174.8313          1.8382
 3978.0000          2.4435       4247.5728       2248.1472          1.8894
 3979.0000          2.4458       4112.8223       2224.2412          1.8486
 3980.0000          2.4376       4045.2842       2210.5767          1.8319
 3981.0000          2.4245       4182.6514       2382.4241          1.7561
 3982.0000          2.4308       3971.5151       2157.3237          1.8404
 3983.0000          2.4544       4180.8057       2218.9575          1.8864
 3984.0000          2.4387       4227.1025       2272.5491          1.8610
 3985.0000          2.4375       4113.3618       2212.6733          1.8608
 3986.0000          2.5104       4170.3301       2216.8625          1.8811
 3987.0000          2.4893       3814.7456       2102.9063          1.8128
 3988.0000          2.5174       4414.8750       2385.8037          1.8513
 3989.0000          2.5524       4603.1519       2460.2302          1.8712
 3990.0000          2.4847       4358.3667       2291.8105          1.9017
 3991.0000          2.4986       4583.4927       2486.2898          1.8477
 3992.0000          2.5231       4764.3735       2726.1987          1.7476
 3993.0000          2.5231       4369.7778       2394.9434          1.8288
 3994.0000          2.5268       4556.7817       2513.4067          1.8139
 3995.0000          2.5330       4536.8467       2561.7380          1.7710
 3996.0000          2.5112       4497.5991       2510.7656          1.7940
 3997.0000          2.5231       4365.1514       2318.9727          1.8826
 3998.0000          2.5213       4309.3252       2320.8420          1.8594
 3999.0000          2.5312       4355.4155       2267.5598          1.9205
 4000.0000          2.5605       4461.8872       2270.4116          1.9651
 4001.0000          2.4754       4387.7002       2299.8247          1.9083
 4002.0000          2.5257       4405.7358       2295.4021          1.9203
 4003.0000          2.5698       4386.5908       2287.8259          1.9194
 4004.0000          2.5393       4321.0605       2318.6777          1.8624
 4005.0000          2.5901       4651.6094       2510.5149          1.8535
 4006.0000          2.5107       4160.7612       2178.8276          1.9099
 4007.0000          2.5465       4287.7617       2232.5588          1.9212
 4008.0000          2.5364       4259.3389       2279.2620          1.8689
 4009.0000          2.5126       4522.5220       2435.0269          1.8622
 4010.0000          2.5648       4317.3608       2255.6113          1.9129
 4011.0000          2.5841       4840.4326       2634.1499          1.8397
 4012.0000          2.5440       4640.1528       2555.7410          1.8163
 4013.0000          2.4893       4336.2783       2333.5923          1.8616
 4014.0000          2.4879       4366.0571       2247.1265          1.9431
 4015.0000          2.5129       4275.7656       2175.1160          1.9671
 4016.0000          2.5233       4351.7622       2215.4407          1.9647
 4017.0000          2.5338       4584.0918       2339.6152          1.9596
 4018.0000          2.5211       4391.6963       2269.6782          1.9351
 4019.0000          2.5140       4415.9497       2272.4617          1.9433
 4020.0000          2.5062       4377.4985       2232.8074          1.9604
 4021.0000          2.4861       4206.1450       2162.0957          1.9459
 4022.0000          2.4434       3762.4431       1936.2153          1.9434
 4023.0000          2.4820       3906.9521       2044.9829          1.9107
 4024.0000          2.5304       4262.2891       2193.1460          1.9438
 4025.0000          2.5133       3964.6206       1991.1744          1.9929
 4026.0000          2.5703       4489.1323       2278.2930          1.9706
 4027.0000          2.5263       4503.0293       2306.0405          1.9527
 4028.0000          2.5800       4613.1064       2325.8855          1.9834
 4029.0000          2.6048       4452.0591       2210.6106          2.0156
 4030.0000          2.5169       4240.6631       2172.1008          1.9538
 4031.0000          2.5512       4668.3462       2392.5547          1.9513
 4032.0000          2.5310       4577.1860       2374.4580          1.9279
 4033.0000          2.5999       4949.1543       2626.9561          1.8901
 4034.0000          2.5941       5233.0513       2940.3782          1.7799
 4035.0000          2.6297       5210.0498       2881.8938          1.8084
 4036.0000          2.6429       5412.2236       3024.2036          1.7897
 4037.0000          2.4485       5074.1768       2943.6516          1.7232
 4038.0000          2.5509       4165.3115       2255.2488          1.8511
 4039.0000          2.4977       4458.9819       2358.6904          1.8904
 4040.0000          2.5135       4825.2588       2574.5649          1.8752
 4041.0000          2.5475       4364.4985       2266.4399          1.9250
 4042.0000          2.5565       5047.2139       2605.8069          1.9369
 4043.0000          2.5508       5114.8608       2653.1304          1.9286
 4044.0000          2.5066       5604.5566       2872.6270          1.9287
 4045.0000          2.6005       6397.5537       -999.2500       -999.2500
 4046.0000          2.6599       6467.5562       -999.2500       -999.2500
 4047.0000          2.6290       6395.3359       -999.2500       -999.2500
 4048.0000          2.6294       6567.2017       -999.2500       -999.2500
 4049.0000          2.6321       6524.1450       -999.2500       -999.2500
 4050.0000          2.6385       6502.4053       -999.2500       -999.2500
 4051.0000          2.6621       6514.5171       -999.2500       -999.2500
 4052.0000          2.6352       6541.9443       -999.2500       -999.2500
 4053.0000          2.6388       6487.2627       -999.2500       -999.2500
 4054.0000          2.6346       6518.0146       -999.2500       -999.2500
 4055.0000          2.6469       6426.5098       -999.2500       -999.2500
 4056.0000          2.6482       6589.7817       -999.2500       -999.2500
 4057.0000          2.6635       6561.4258       -999.2500       -999.2500
 4058.0000          2.6360       6545.7568       -999.2500       -999.2500
 4059.0000          2.6578       6484.0562       -999.2500       -999.2500
 4060.0000          2.6379       6553.0171       -999.2500       -999.2500
 4061.0000          2.6407       6500.2168       -999.2500       -999.2500
 4062.0000          2.6301       6479.2153       -999.2500       -999.2500
 4063.0000          2.6344       6507.0098       -999.2500       -999.2500
 4064.0000          2.6414       6536.8955       -999.2500       -999.2500
 4065.0000          2.6758       6527.1226       -999.2500       -999.2500
 4066.0000          2.6281       6534.4126       -999.2500       -999.2500
 4067.0000          2.6451       6514.3833       -999.2500       -999.2500
 4068.0000          2.6358       6533.7754       -999.2500       -999.2500
 4069.0000          2.6431       6544.0850       -999.2500       -999.2500
 4070.0000          2.6324       6373.1050       -999.2500       -999.2500
 4071.0000          2.6368       6540.6724       -999.2500       -999.2500
 4072.0000          2.6324       6515.0142       -999.2500       -999.2500
 4073.0000          2.6334       6488.5449       -999.2500       -999.2500
 4074.0000          2.6353       6541.5825       -999.2500       -999.2500
 4075.0000          2.6324       6522.8882       -999.2500       -999.2500
 4076.0000          2.6230       6432.9258       -999.2500       -999.2500
 4077.0000          2.6209       6439.8423       -999.2500       -999.2500
 4078.0000          2.6384       6444.7466       -999.2500       -999.2500
 4079.0000          2.6398       6390.9146       -999.2500       -999.2500
 4080.0000          2.6450       6416.7666       -999.2500       -999.2500
 4081.0000          2.6364       6392.9536       -999.2500       -999.2500
 4082.0000          2.6292       6374.2202       -999.2500       -999.2500
 4083.0000          2.6317       6482.4844       -999.2500       -999.2500
 4084.0000          2.6355       6531.5039       -999.2500       -999.2500
 4085.0000          2.6265       6507.2676       -999.2500       -999.2500
 4086.0000          2.6423       6490.3447       -999.2500       -999.2500
 4087.0000          2.6395       6531.0850       -999.2500       -999.2500
 4088.0000          2.6379       6507.2710       -999.2500       -999.2500
 4089.0000          2.6449       6556.4775       -999.2500       -999.2500
 4090.0000          2.6421       6510.2813       -999.2500       -999.2500
 4091.0000          2.6440       6516.2881       -999.2500       -999.2500
 4092.0000          2.6393       6523.0918       -999.2500       -999.2500
 4093.0000          2.6341       6544.5083       -999.2500       -999.2500
 4094.0000          2.6431       6473.8701       -999.2500       -999.2500
 4095.0000          2.6352       6595.7861       -999.2500       -999.2500
 4096.0000          2.6444       6594.0625       -999.2500       -999.2500
 4097.0000          2.6428       6574.7046       -999.2500       -999.2500
 4098.0000          2.6449       6564.8960       -999.2500       -999.2500
 4099.0000          2.6451       6547.9229       -999.2500       -999.2500
 4100.0000          2.6749       6594.2847       -999.2500       -999.2500
 4101.0000          2.6431       6565.8447       -999.2500       -999.2500
 4102.0000          2.6488       6601.5757       -999.2500       -999.2500
 4103.0000          2.6460       6567.7163       -999.2500       -999.2500
 4104.0000          2.6513       6549.8647       -999.2500       -999.2500
 4105.0000          2.6400       6442.2280       -999.2500       -999.2500
 4106.0000          2.6387       6495.6851       -999.2500       -999.2500
 4107.0000          2.6387       6558.4248       -999.2500       -999.2500
 4108.0000          2.6264       6647.4121       -999.2500       -999.2500
 4109.0000          2.6718       6507.4019       -999.2500       -999.2500
 4110.0000          2.6478       6489.0176       -999.2500       -999.2500
 4111.0000          2.6556       6560.1929       -999.2500       -999.2500
 4112.0000          2.6495       6518.4385       -999.2500       -999.2500
 4113.0000          2.6425       6583.8779       -999.2500       -999.2500
 4114.0000          2.6424       6522.1567       -999.2500       -999.2500
 4115.0000          2.6592       6544.0972       -999.2500       -999.2500
 4116.0000       -999.2500       6475.6338       -999.2500       -999.2500
 4117.0000       -999.2500       6473.4253       -999.2500       -999.2500
