-1.81651e-008
1.01092e-008
1.86642e-008
3.16203e-009
-5.79966e-009
1.13754e-008
-3.33767e-009
9.88138e-009
-8.06109e-009
-9.62237e-009
-2.19719e-008
-3.0574e-008
-2.1489e-009
3.65968e-009
-4.49657e-008
-1.25364e-008
-4.86387e-008
5.28468e-008
8.1582e-008
1.98764e-007
4.7505e-007
1.58703e-006
4.67284e-006
1.31717e-005
3.53171e-005
9.0141e-005
0.000220441
0.000515959
0.00115488
0.00247197
0.00505656
0.00987801
0.018414
0.0327244
0.0553743
0.0890829
0.135978
0.196417
0.267515
0.341737
0.406196
0.443347
0.433628
0.36003
0.213787
-0.000426233
-0.261799
-0.534852
-0.775565
-0.941031
-1
-0.941031
-0.775565
-0.534852
-0.261799
-0.000426086
0.213787
0.36003
0.433628
0.443347
0.406196
0.341737
0.267515
0.196417
0.135978
0.0890829
0.0553742
0.0327244
0.018414
0.00987801
0.00505653
0.002472
0.00115492
0.000515925
0.000220501
9.01367e-005
3.51656e-005
1.30053e-005
4.61244e-006
1.47941e-006
4.65823e-007
1.39363e-007
3.07062e-008
4.43291e-008
-3.21195e-008
-3.12564e-008
-2.901e-008
-1.58968e-008
1.7697e-008
4.62608e-009
1.19171e-008
-1.44265e-008
4.18428e-008
1.99559e-009
7.45126e-009
3.35023e-008
3.01339e-008
1.08418e-008
-2.9576e-008
2.78096e-008
